@felix.freq / Version = 2
T0 = 0.000000 BJD
<<<<<<< HEAD
TS = 2458331.341901 BJD
 Id                Frequency (c/d)               Period (s)                   Amplitude (m/s)              Phase (TS)       Phase (T0)    S/N   Significance   L   A   W   C   Comments
------------------------------------------------------------------------------------------------------------------------------------------------------------------------------------------------
f001:001        0.480084 +/- 0.003668   179968.485007 +/- 1374.890484     0.113768 +/- 0.003976    0.709042 +/- 0.011124   0.030631    28.6   1.000000e+00   0   1   0   0    
f002:002        3.475147 +/- 0.004108    24862.259850 +/- 29.387331       0.101451 +/- 0.003971    0.967453 +/- 0.012459   0.944011    25.5   1.000000e+00   0   1   0   0    
f004:003        4.961786 +/- 0.014023    17413.083449 +/- 49.214087       0.029731 +/- 0.003973    0.664454 +/- 0.042535   0.735638     7.5   1.000000e+00   0   1   0   0    
f003:004        7.385546 +/- 0.008576    11698.525459 +/- 13.584276       0.048005 +/- 0.003923    0.346720 +/- 0.026012   0.699017    12.2   1.000000e+00   0   1   0   0    
f005:005        9.823784 +/- 0.016370     8794.981488 +/- 14.656044       0.024831 +/- 0.003873    0.124063 +/- 0.049654   0.579462     6.4   1.000000e+00   0   1   0   1   2f4:3.9 
f006:006       15.741802 +/- 0.019358     5488.571069 +/- 6.749350        0.021469 +/- 0.003960    0.822924 +/- 0.058715   0.156233     5.4   9.999992e-01   0   1   0   1   33f1:3.5 
=======
TS = 2458331.340824 BJD
 Id                Frequency (c/d)               Period (s)                   Amplitude (%)              Phase (TS)       Phase (T0)    S/N   Significance   L   A   W   C   Comments
------------------------------------------------------------------------------------------------------------------------------------------------------------------------------------------------
f001:001        0.484363 +/- 0.002870   178378.724542 +/- 1056.899851    14.279385 +/- 0.390572    0.694767 +/- 0.008706   0.697878    36.6   1.000000e+00   0   1   0   0    
f002:002        3.475761 +/- 0.004084    24857.867383 +/- 29.207618      10.011579 +/- 0.389686    0.931241 +/- 0.012390   0.324492    25.7   1.000000e+00   0   1   0   0    
f004:003        4.938196 +/- 0.016114    17496.266931 +/- 57.093311       2.537328 +/- 0.389686    0.758091 +/- 0.048886   0.114029     6.5   1.000000e+00   0   1   0   0    
f006:004        8.908357 +/- 0.016283     9698.758296 +/- 17.727435       2.451082 +/- 0.380378    0.110848 +/- 0.049398   0.246826     6.4   1.000000e+00   0   1   0   1   f3-f1:1.5 
f003:005        9.365422 +/- 0.008074     9225.425616 +/- 7.953493        4.946401 +/- 0.380643    0.102353 +/- 0.024495   0.751891    13.0   1.000000e+00   0   1   0   0    
f005:006       10.529381 +/- 0.016110     8205.610285 +/- 12.554285       2.474481 +/- 0.379925    0.249705 +/- 0.048872   0.048781     6.5   1.000000e+00   0   1   0   0    
>>>>>>> torsten
