@felix.freq / Version = 2
T0 = 0.000000 BJD
TS = 2458331.340824 BJD
 Id                Frequency (c/d)               Period (s)                   Amplitude (%)              Phase (TS)       Phase (T0)    S/N   Significance   L   A   W   C   Comments
------------------------------------------------------------------------------------------------------------------------------------------------------------------------------------------------
f001:001        0.484363 +/- 0.002870   178378.724542 +/- 1056.899851    14.279385 +/- 0.390572    0.694767 +/- 0.008706   0.697878    36.6   1.000000e+00   0   1   0   0    
f002:002        3.475761 +/- 0.004084    24857.867383 +/- 29.207618      10.011579 +/- 0.389686    0.931241 +/- 0.012390   0.324492    25.7   1.000000e+00   0   1   0   0    
f004:003        4.938196 +/- 0.016114    17496.266931 +/- 57.093311       2.537328 +/- 0.389686    0.758091 +/- 0.048886   0.114029     6.5   1.000000e+00   0   1   0   0    
f006:004        8.908357 +/- 0.016283     9698.758296 +/- 17.727435       2.451082 +/- 0.380378    0.110848 +/- 0.049398   0.246826     6.4   1.000000e+00   0   1   0   1   f3-f1:1.5 
f003:005        9.365422 +/- 0.008074     9225.425616 +/- 7.953493        4.946401 +/- 0.380643    0.102353 +/- 0.024495   0.751891    13.0   1.000000e+00   0   1   0   0    
f005:006       10.529381 +/- 0.016110     8205.610285 +/- 12.554285       2.474481 +/- 0.379925    0.249705 +/- 0.048872   0.048781     6.5   1.000000e+00   0   1   0   0    
