@felix.freq / Version = 2
T0 = 0.000000 BJD
TS = 2458331.340824 BJD
 Id                Frequency (μHz)               Period (s)                   Amplitude (%)              Phase (TS)       Phase (T0)    S/N   Significance   L   A   W   C   Comments
------------------------------------------------------------------------------------------------------------------------------------------------------------------------------------------------
f003:001        9.839036 +/- 0.113992   101635.974340 +/- 1177.523968     5.288919 +/- 0.496462    0.435292 +/- 0.029879   0.904499    10.7   1.000000e+00   0   1   0   0    
f001:002       17.598208 +/- 0.086528    56823.966672 +/- 279.396007      6.965690 +/- 0.496324    0.132782 +/- 0.022680   0.726637    14.0   1.000000e+00   0   1   0   0    
f004:003       57.055664 +/- 0.134286    17526.743559 +/- 41.250936       4.409716 +/- 0.487625    0.658143 +/- 0.035199   0.343903     9.0   1.000000e+00   0   1   0   1   f2-f1:3.1 
f002:004       74.085539 +/- 0.088919    13497.910903 +/- 16.200490       6.610021 +/- 0.483996    0.507620 +/- 0.023307   0.850532    13.7   1.000000e+00   0   1   0   0    
f005:005      119.577360 +/- 0.195089     8362.787055 +/- 13.643797       3.040302 +/- 0.488420    0.868709 +/- 0.051136   0.146218     6.2   1.000000e+00   0   1   0   1   12f3:3.4 
