@felix.freq / Version = 2
T0 = 0.000000 BJD
TS = 2458331.340824 BJD
 Id                Frequency (μHz)               Period (s)                   Amplitude (%)              Phase (TS)       Phase (T0)    S/N   Significance   L   A   W   C   Comments
------------------------------------------------------------------------------------------------------------------------------------------------------------------------------------------------
f001:001        5.552248 +/- 0.043155   180107.213619 +/- 1399.891946    11.245758 +/- 0.399636    0.708328 +/- 0.011312   0.090609    28.1   1.000000e+00   0   1   0   0    
f002:002       40.225776 +/- 0.047674    24859.682295 +/- 29.462817      10.179768 +/- 0.399636    0.963833 +/- 0.012496   0.164090    25.5   1.000000e+00   0   1   0   0    
f004:003       57.420568 +/- 0.163971    17415.362301 +/- 49.731565       2.953717 +/- 0.398823    0.662085 +/- 0.042979   0.845722     7.4   1.000000e+00   0   1   0   0    
f003:004       85.493621 +/- 0.098776    11696.779151 +/- 13.513987       4.833060 +/- 0.393113    0.335511 +/- 0.025891   0.019235    12.3   1.000000e+00   0   1   0   0    
f005:005      113.723101 +/- 0.186457     8793.288199 +/- 14.417189       2.512533 +/- 0.385775    0.111745 +/- 0.048873   0.086114     6.5   1.000000e+00   0   1   0   1   2f4:3.8 
f006:006      182.170083 +/- 0.220249     5489.375538 +/- 6.636820        2.198983 +/- 0.398823    0.813382 +/- 0.057731   0.444662     5.5   9.999996e-01   0   1   0   1   33f1:3.2 
